0 122 65
1 57 37
2 1369 795
3 937 704
4 1039 816
5 1016 836
6 1025 832
7 1028 834
8 1163 932
9 1171 935
10 1168 952
11 1194 949
12 1187 956
13 1194 955
14 1194 981
15 1208 974
16 1291 1046
17 1294 1051
18 1323 1066
19 1318 1075
20 1310 1076
21 1341 1098
22 1316 1077
23 1353 1108
24 1326 1076
25 1332 1091
26 1314 1087
27 1331 1104
28 1332 1095
29 1341 1107
30 1348 1101
31 1360 1127
32 1446 1176
33 1444 1181
34 1454 1180
35 1465 1210
36 1450 1189
37 1463 1207
38 1466 1200
39 1486 1233
40 1448 1190
41 1469 1212
42 1471 1200
43 1487 1228
44 1458 1218
45 1474 1233
46 1600 1229
47 1627 1241
48 1602 1279
49 1572 1315
50 1584 1309
51 1607 1321
52 1542 1302
53 1560 1314
54 1550 1295
55 1565 1315
56 1548 1280
57 1552 1301
58 1554 1303
59 1558 1314
60 1554 1291
61 1563 1297
62 1577 1315
63 1574 1316
64 1670 1372
65 1641 1380
66 1670 1393
67 1676 1380
68 1675 1392
69 1682 1397
70 1673 1399
71 1683 1397
72 1672 1377
73 1687 1400
74 1695 1401
75 1689 1402
76 1681 1395
77 1701 1397
78 1715 1426
79 1706 1418
80 1666 1384
81 1681 1411
82 1698 1404
83 1701 1409
84 1689 1404
85 1682 1397
86 1691 1408
87 1701 1421
88 1686 1393
89 1708 1419
90 1696 1411
91 1702 1413
92 2000 1442
93 2019 1463
94 1956 1505
95 1811 1494
96 1982 1703
97 1826 1470
98 1879 1598
99 1781 1474
100 1862 1519
101 1760 1456
102 1787 1501
103 1769 1470
104 1793 1570
105 1752 1485
106 1749 1496
107 1743 1476
108 1764 1481
109 1752 1456
110 1752 1474
111 1775 1479
112 1722 1464
113 1736 1462
114 1750 1462
115 1747 1484
116 1756 1452
117 1742 1456
118 1774 1464
119 1767 1479
120 1731 1453
121 1746 1464
122 1774 1472
123 1771 1484
124 1760 1480
125 1751 1493
126 1757 1479
127 1759 1486
128 1843 1538
129 1806 1526
130 1843 1540
131 1846 1545
132 1839 1531
133 1846 1540
134 1894 1563
135 1888 1562
136 1897 1556
137 1878 1580
138 1902 1569
139 1952 1576
140 1965 1588
141 1968 1649
142 1933 1649
143 1941 1650
144 1867 1605
145 1859 1639
146 1859 1583
147 1888 1589
148 1870 1569
149 1882 1578
150 1879 1563
151 1880 1577
152 1860 1563
153 1870 1571
154 1893 1558
155 1881 1565
156 1872 1565
157 1909 1598
158 1913 1589
159 1905 1593
160 1828 1540
161 1851 1560
162 1867 1560
163 1852 1564
164 1845 1565
165 1872 1575
166 1868 1569
167 1895 1576
168 1821 1537
169 1855 1569
170 1851 1550
171 1864 1573
172 1859 1559
173 1879 1593
174 1878 1584
175 1882 1592
176 1839 1562
177 1866 1572
178 1879 1578
179 1893 1585
180 1833 1557
181 1881 1591
182 1930 1630
183 1930 1611
184 2435 1756
185 2886 1702
186 2669 1888
187 2502 1970
188 2893 2341
189 2537 2108
190 2702 2338
191 2509 2157
192 2899 2445
193 2521 2253
194 2745 2345
195 2582 2214
196 2713 2364
197 2508 2210
198 2579 2284
199 2554 2279
200 2695 2371
201 2510 2227
202 2555 2242
203 2535 2239
204 2617 2236
205 2562 2189
206 2580 2198
207 2557 2220
208 2533 2360
209 2519 2244
210 2522 2246
211 2516 2250
212 2492 2250
213 2517 2199
214 2539 2230
215 2561 2228
216 2521 2222
217 2514 2217
218 2548 2229
219 2571 2267
220 2558 2232
221 2555 2227
222 2595 2276
223 2605 2263
224 2497 2194
225 2500 2217
226 2548 2226
227 2543 2216
228 2529 2224
229 2531 2223
230 2569 2237
231 2659 2209
232 2612 2184
233 2681 2319
234 2657 2275
235 2715 2295
236 2590 2305
237 2604 2237
238 2621 2297
239 2609 2280
240 2578 2223
241 2583 2236
242 2565 2272
243 2576 2273
244 2538 2234
245 2555 2205
246 2574 2258
247 2600 2268
248 2545 2236
249 2563 3474
250 2736 2347
251 2654 2306
252 2579 2276
253 2604 2281
254 2628 2336
255 2649 2309
256 2736 2343
257 2691 2356
258 2681 2363
259 2661 2346
260 2653 2337
261 2661 2341
262 2681 2358
263 2685 2358
264 2637 2298
265 2668 2365
266 2686 2327
267 2690 2332
268 2665 2345
269 2696 2375
270 2685 2371
271 2685 2375
272 2655 2308
273 2673 2359
274 2680 2345
275 2681 2343
276 3041 2340
277 3005 2287
278 2997 2471
279 2854 2392
280 3238 2704
281 2939 2476
282 3140 2564
283 2773 2435
284 3090 2660
285 2807 2381
286 2964 2571
287 2761 2446
288 2825 2503
289 2673 2429
290 2832 2478
291 2747 2443
292 2886 2402
293 2731 2395
294 2749 2425
295 2754 2455
296 2838 2491
297 2770 2453
298 2854 2497
299 2845 2492
300 2777 2438
301 2760 2446
302 2746 2428
303 3012 2547
304 2865 2458
305 2889 2461
306 2969 2507
307 2898 2482
308 2883 2514
309 2823 2515
310 2879 2532
311 2929 2522
312 2852 2519
313 2867 2517
314 2849 2469
315 2831 2473
316 2785 2484
317 2794 2491
318 2777 2463
319 2766 2505
320 2687 2423
321 2726 2434
322 2799 2422
323 2857 2391
324 2809 2441
325 2914 2533
326 2819 2470
327 2785 2462
328 2737 2422
329 2726 2452
330 2771 2420
331 2760 2435
332 2758 2425
333 2765 2430
334 2748 2451
335 2769 2453
336 2822 2473
337 2772 2424
338 2845 2459
339 2808 2449
340 2767 2447
341 2773 2438
342 2801 2461
343 2790 2465
344 2780 2435
345 2791 2438
346 2808 2455
347 2825 2476
348 2796 2444
349 2814 2449
350 2811 2499
351 2810 2478
352 2788 2449
353 2792 2478
354 2848 2495
355 2838 2500
356 2757 2481
357 2762 2458
358 2756 2441
359 2777 2454
360 2787 2442
361 2798 2463
362 2821 2536
363 2816 2501
364 2792 2471
365 2819 2458
366 2834 2495
367 2835 2514
368 3660 2649
369 3169 2519
370 3453 2688
371 3148 2716
372 4158 3089
373 3464 2869
374 3819 3019
375 3383 2792
376 4199 3391
377 3444 2958
378 3663 3104
379 3480 2948
380 3877 3338
381 3397 3061
382 3566 3150
383 3486 3098
384 3744 3361
385 3464 3128
386 3520 3115
387 3454 3110
388 3646 3248
389 3492 3125
390 3513 3145
391 3386 3085
392 3578 3398
393 3481 3256
394 3513 3198
395 3463 3157
396 3570 3342
397 3469 3230
398 3582 3199
399 3501 3211
400 3561 3350
401 3506 3226
402 3411 3131
403 3484 3132
404 3505 3164
405 3449 3091
406 3518 3097
407 3468 3129
408 3553 3147
409 3507 3144
410 3526 3161
411 3445 3125
412 3478 3207
413 3540 3161
414 3478 3131
415 3458 3126
416 3491 3159
417 3533 3200
418 3568 3203
419 3495 3134
420 3477 3074
421 3434 3048
422 3529 3148
423 3441 3101
424 3547 3184
425 3457 3127
426 3505 3154
427 3434 3109
428 3443 3091
429 3409 3096
430 3582 3113
431 3442 3105
432 3517 3113
433 3476 3064
434 3511 3126
435 3472 3108
436 3483 3108
437 3431 3069
438 3469 3103
439 3454 3106
440 3545 3140
441 3502 3110
442 3542 3124
443 3502 3124
444 3504 3147
445 3519 3212
446 3622 3186
447 3515 3177
448 3549 3174
449 3488 3149
450 3451 3171
451 3468 3146
452 3581 3107
453 3454 3105
454 3538 3117
455 3512 3135
456 3522 3182
457 3481 3152
458 3594 3197
459 3523 3191
460 3953 3169
461 3522 3176
462 4070 3326
463 3714 3298
464 4223 3500
465 3794 3353
466 4140 3409
467 3710 3259
468 4134 3513
469 3639 3284
470 4051 3441
471 3655 3266
472 3932 3401
473 3627 3280
474 3948 3434
475 3647 3308
476 3865 3361
477 3621 3246
478 3831 3375
479 3671 3292
480 3791 3318
481 3575 3285
482 3707 3345
483 3683 3342
484 3713 3271
485 3572 3252
486 3796 3397
487 3734 3346
488 3780 3280
489 3608 3309
490 3779 3330
491 3686 3358
492 3749 3394
493 3719 3349
494 3803 3341
495 3727 3358
496 3770 3374
497 3725 3289
498 3844 3305
499 3798 3314
500 3815 3378
501 3662 3363
502 3804 3340
503 3838 3347
504 3724 3341
505 3721 3376
506 3874 3382
507 3829 3325
508 3887 3402
509 3805 3402
510 3750 3372
511 3708 3329
512 3921 3450
513 3761 3397
514 3918 3404
515 3827 3375
516 3782 3411
517 3751 3420
518 3931 3457
519 3794 3421
520 3769 3318
521 3711 3380
522 3850 3380
523 3733 3371
524 3805 3358
525 3793 3388
526 4095 3508
527 3859 3430
528 3880 3373
529 3755 3383
530 3903 3459
531 3811 3389
532 3922 3402
533 3787 3427
534 3955 3449
535 3819 3471
536 4003 3481
537 3770 3379
538 3949 3426
539 3818 3425
540 4024 3481
541 3838 3441
542 3903 3471
543 3806 3428
544 3967 3442
545 3820 3406
546 3941 3389
547 3780 3390
548 3995 3462
549 3843 3429
550 3924 3446
551 3791 3393
552 4538 3384
553 3862 3380
554 4465 3463
555 3972 3482
556 4719 3829
557 4065 3600
558 4519 3745
559 4061 3585
560 4845 3972
561 4086 3615
562 4332 3710
563 4019 3635
564 4515 3872
565 4029 3594
566 4403 3770
567 3978 3679
568 4602 3840
569 4089 3637
570 4301 3700
571 4052 3706
572 4649 3876
573 4185 3721
574 4481 3757
575 4084 3678
576 4531 3919
577 4125 3656
578 4328 3741
579 4015 3640
580 4474 3866
581 4129 3692
582 4198 3692
583 4040 3601
584 4500 3818
585 4152 3691
586 4408 3797
587 4136 3733
588 4308 3742
589 4080 3693
590 4347 3731
591 4086 3722
592 4383 3817
593 4082 3781
594 4389 3769
595 4410 3805
596 4578 3856
597 4171 3742
598 4434 3794
599 4195 3755
600 4466 3769
601 4144 3807
602 4450 3806
603 4190 3779
604 4264 3775
605 4110 3743
606 4417 3773
607 4101 18520
608 4981 4216
609 4619 4178
610 4972 4190
611 4618 4160
612 4843 4206
613 4639 4096
614 4713 4186
615 4627 4150
616 4805 4280
617 4690 4213
618 4827 4164
619 4655 4169
620 4790 4219
621 4536 4167
622 4745 4182
623 4652 4220
624 4793 4268
625 4672 4237
626 4787 4222
627 4613 4222
628 4848 4159
629 4659 4182
630 4835 4184
631 4640 4177
632 4910 4261
633 4687 4252
634 4791 4244
635 4595 4248
636 4745 4184
637 4574 4218
638 4727 4225
639 4552 4191
640 4795 4161
641 4541 4161
642 4871 4143
643 4542 4116
644 5351 4066
645 4688 4083
646 5355 4298
647 4738 23357
648 6039 4714
649 4970 4428
650 5556 4590
651 4921 4382
652 5585 4578
653 4862 4384
654 5180 4409
655 4790 4402
656 5300 4564
657 4858 4443
658 5408 4549
659 4961 4448
660 5442 4525
661 4887 4376
662 5257 4310
663 4782 4394
664 5180 4461
665 4818 4338
666 5262 4503
667 4938 4529
668 5256 4435
669 4872 4416
670 5042 4464
671 4794 4439
672 5382 4464
673 4967 4450
674 5171 4497
675 4791 4369
676 5283 4550
677 4813 4384
678 5218 4493
679 4856 4442
680 5223 4583
681 4883 4434
682 5186 4486
683 4900 4465
684 5299 4479
685 4912 4466
686 5368 4577
687 5018 4493
688 5267 4489
689 4846 4336
690 5262 4439
691 4859 4422
692 5284 4397
693 4947 4521
694 5325 4533
695 4936 4564
696 5236 4467
697 4876 4433
698 5301 4559
699 5009 4546
700 5175 4492
701 4971 4471
702 5169 4384
703 4967 4445
704 5234 4404
705 4888 4381
706 5095 4431
707 4826 4438
708 5171 4508
709 4887 4364
710 5131 4404
711 4917 4408
712 5260 4500
713 4895 4454
714 5065 4385
715 4840 4425
716 5331 4375
717 4867 4408
718 5155 4460
719 4818 4360
720 5374 4512
721 4913 4423
722 5181 4378
723 4840 4370
724 5123 4495
725 4888 4412
726 5217 4415
727 4833 4381
728 5375 4465
729 4841 4356
730 5249 4575
731 4960 4509
732 5224 4496
733 4889 4455
734 5267 4489
735 4926 4498
736 6440 4634
737 5342 4463
738 6279 4661
739 5640 4777
740 6906 5405
741 5733 4842
742 6317 5161
743 5590 4874
744 7625 5741
745 6200 5138
746 6680 5263
747 5696 5074
748 6881 5512
749 6007 5076
750 6658 5265
751 5934 5057
752 7396 5862
753 6215 5368
754 6425 5291
755 5858 5145
756 6922 5616
757 6085 5283
758 6596 5386
759 5986 5232
760 6882 5900
761 6019 5450
762 6344 5432
763 5873 5342
764 6504 5538
765 5899 5417
766 6415 5443
767 6146 5468
768 6722 5855
769 6054 5488
770 6580 5523
771 5934 5382
772 6482 5363
773 5914 5306
774 6453 5331
775 5974 5348
776 6584 5749
777 5977 5410
778 6587 5562
779 5859 5433
780 6547 5598
781 6000 5468
782 6444 5506
783 6085 5513
784 6889 5705
785 6103 5459
786 6500 5558
787 6054 5436
788 6813 5461
789 5931 5434
790 6428 5560
791 5979 5573
792 6451 5678
793 6020 5538
794 6589 5690
795 6055 5607
796 6503 5576
797 5987 5426
798 6343 5457
799 6025 5421
800 6887 6007
801 6093 5634
802 6294 5578
803 5795 5453
804 6057 5431
805 5785 5256
806 6308 5415
807 5887 5352
808 6705 5713
809 6106 5484
810 6693 5646
811 6004 5458
812 6374 5457
813 5955 5403
814 6364 5490
815 5986 5333
816 6911 5484
817 6028 5451
818 6503 5526
819 6027 5400
820 6617 5397
821 5854 5345
822 6435 5462
823 5911 5355
824 6616 5555
825 5975 5494
826 6339 5590
827 5951 5382
828 6569 5558
829 6058 5493
830 6783 5804
831 6280 5677
832 7187 5940
833 6290 5627
834 7237 5883
835 6183 5589
836 7397 6084
837 6340 5682
838 7123 6008
839 6389 5640
840 7153 5980
841 6230 5781
842 6975 5969
843 6437 5837
844 7401 5934
845 6205 5780
846 7020 6040
847 6302 5734
848 7064 5898
849 6490 5756
850 7102 5831
851 6407 5678
852 7239 5947
853 6341 5625
854 6886 5791
855 6246 5612
856 7092 5868
857 6409 5763
858 6604 5837
859 6172 5718
860 6999 5670
861 6214 5601
862 6642 5818
863 6184 5757
864 6853 5865
865 6275 5666
866 6619 5783
867 6250 5703
868 7078 5847
869 6297 5795
870 7232 5795
871 6319 5560
872 7138 5836
873 6353 5736
874 6739 5766
875 6148 5660
876 7142 5731
877 6313 5688
878 6945 5764
879 6370 5706
880 7484 5892
881 6442 5749
882 7060 5839
883 6465 5789
884 7201 6041
885 6445 5810
886 7002 6043
887 6424 5866
888 7360 6134
889 6640 5841
890 7187 5973
891 6481 5759
892 6972 5993
893 6363 5813
894 6789 6001
895 6401 5890
896 6880 6025
897 6340 5817
898 6991 5933
899 6301 5819
900 6947 5927
901 6222 5709
902 6803 5842
903 6472 5761
904 7215 6002
905 6442 5845
906 6934 5881
907 6247 5754
908 6911 5899
909 6280 5799
910 6928 5856
911 6389 5806
912 7183 6078
913 6547 5841
914 6881 6022
915 6359 5822
916 6960 12973
917 6541 5904
918 6899 5914
919 6482 5802
920 7691 6101
921 6653 5834
922 7723 6253
923 6967 6066
924 8424 6696
925 7119 6206
926 8020 6449
927 6943 6163
928 8817 7179
929 7276 6403
930 7897 6517
931 6862 6231
932 8257 6606
933 7099 6190
934 7803 6475
935 7017 6301
936 8417 6877
937 7256 6351
938 7539 6592
939 6802 6354
940 7847 6585
941 7004 6194
942 7973 6562
943 6917 6195
944 8070 6747
945 7020 6185
946 7735 6522
947 7120 6113
948 8294 6817
949 7141 6299
950 8064 6692
951 7205 6294
952 8037 6563
953 6957 6408
954 7540 6537
955 6898 6195
956 7785 6507
957 7016 6374
958 7601 6475
959 6925 6327
960 7783 6503
961 7043 6214
962 7751 6459
963 7039 6231
964 7954 6678
965 7078 6400
966 7720 6445
967 7015 6288
968 7698 6466
969 6844 6220
970 7539 6472
971 6876 6395
972 7600 6368
973 6765 6180
974 7468 6440
975 6944 6223
976 7873 6355
977 6884 6238
978 7793 6392
979 6938 6321
980 7759 6488
981 6817 6271
982 7602 6225
983 6791 6302
984 7850 6687
985 7177 6313
986 7776 6456
987 6919 6254
988 7876 6596
989 7056 6249
990 7794 6444
991 7167 6294
992 7973 6449
993 6898 6230
994 7847 6572
995 6965 6265
996 7985 6662
997 7078 6452
998 7461 6407
999 6783 6267
1000 7669 6488
